0,395
0,393
0,390
79,3
79,2
79,1
79,0
78,3
78,2
78,1
78,0
77,3
77,2
77,1
77,0
76,3
76,2
76,1
76,0
0,389
0,387
0,386
0,385
0,384
0,319
75,4
75,3
75,2
75,1
75,0
74,4
74,3
74,2
74,1
74,0
0,312
0,308
73,3
73,2
73,1
73,0
72,3
72,2
72,1
72,0
0,306
0,304
0,575
0,574
33,65
33,64
33,40
33,39
0,429
0,573
0,572
0,571
0,570
0,569
0,565
0,564
0,563
0,562
14,5
0,561
0,388
71,35
33,15
14,4
3,2
10,232
10,106
10,92
10,142
10,128
10,290
10,180
10,278
11,7
11,4
11,5
11,25
11,11
11,20
11,27
8,12
8,9
20,2
19,2
19,1
19,3
50,3
50,2
50,1
48,3
48,1
44,3
44,1
43,3
43,1
42,8
42,7
42,6
42,4
42,3
42,1
41,5
41,4
41,3
41,1
40,8
40,7
40,6
40,5
40,4
40,3
40,2
40,1
39,3
39,1
35,16
35,11
35,5
35,4
35,3
35,1
34,9
34,8
34,6
34,5
34,4
34,3
34,1
18,1
33,38
33,37
18,3
33,36
33,35
33,34
33,33
33,32
33,31
33,30
14,1
33,29
33,28
33,27
14,6
